{
  "advancedEditorSelectedIdentifier" : "ProjectBrowser",
  "openSceneRelativePaths" : [
    "Scene.usda"
  ],
  "recentIdentifiers" : {
    "F899CF2B-752D-4368-84A7-BC904E67D011" : [

    ]
  },
  "sceneCameraHistory" : {
    "F899CF2B-752D-4368-84A7-BC904E67D011" : [
      {
        "date" : 748981198.037823,
        "title" : "Untitled",
        "transform" : [
          0.99997085,
          -3.6435255e-09,
          -0.0076396763,
          0,
          -0.0075942036,
          0.10891691,
          -0.99402195,
          0,
          0.00083211664,
          0.99405086,
          0.108913735,
          0,
          -0.07890937,
          1.8342454,
          -0.29960927,
          1
        ]
      },
      {
        "date" : 748981194.271315,
        "title" : "Untitled",
        "transform" : [
          0.996882,
          -3.6380197e-09,
          -0.07890649,
          0,
          -0.0786907,
          0.07390192,
          -0.9941561,
          0,
          0.0058313687,
          0.9972655,
          0.073671505,
          0,
          -0.0588682,
          1.8462479,
          -0.39945105,
          1
        ]
      },
      {
        "date" : 748981187.305561,
        "title" : "Untitled",
        "transform" : [
          0.9936694,
          -3.5848076e-09,
          0.112343825,
          0,
          0.11173015,
          0.10438173,
          -0.9882413,
          0,
          -0.011726617,
          0.9945373,
          0.10372094,
          0,
          -0.1255944,
          1.8359413,
          -0.2623927,
          1
        ]
      },
      {
        "date" : 748981176.888994,
        "title" : "Untitled",
        "transform" : [
          0.99898577,
          -3.8323877e-09,
          0.045026228,
          0,
          0.04336981,
          0.26874393,
          -0.9622348,
          0,
          -0.012100498,
          0.9632116,
          0.26847136,
          0,
          -0.14458334,
          1.8220781,
          0.04886371,
          1
        ]
      },
      {
        "date" : 748981172.338356,
        "title" : "Untitled",
        "transform" : [
          0.99898577,
          -3.8323877e-09,
          0.045026228,
          0,
          0.04336981,
          0.26874393,
          -0.9622348,
          0,
          -0.012100498,
          0.9632116,
          0.26847136,
          0,
          0.016139627,
          1.6947471,
          0.5129413,
          1
        ]
      },
      {
        "date" : 748980272.551104,
        "title" : "Untitled",
        "transform" : [
          0.99917,
          -3.6979506e-09,
          0.040734194,
          0,
          0.015719105,
          0.9225431,
          -0.38557377,
          0,
          -0.037579022,
          0.38589403,
          0.92177737,
          0,
          -0.030982196,
          0.41357446,
          1.7432758,
          1
        ]
      },
      {
        "date" : 748979015.508723,
        "title" : "Untitled",
        "transform" : [
          0.99917,
          -3.6979506e-09,
          0.040734194,
          0,
          0.015719105,
          0.9225431,
          -0.38557377,
          0,
          -0.037579022,
          0.38589403,
          0.92177737,
          0,
          -0.115309656,
          0.6302953,
          1.6491098,
          1
        ]
      },
      {
        "date" : 748979012.808019,
        "title" : "Untitled",
        "transform" : [
          0.9991701,
          -3.697951e-09,
          0.040734198,
          0,
          0.015719105,
          0.9225431,
          -0.38557377,
          0,
          -0.037579026,
          0.3858941,
          0.9217775,
          0,
          0.007083565,
          1.1113591,
          1.4527066,
          1
        ]
      },
      {
        "date" : 748979010.108276,
        "title" : "Untitled",
        "transform" : [
          0.9987854,
          -4.2452664e-09,
          0.0492732,
          0,
          0.0009919194,
          0.99979734,
          -0.020106131,
          0,
          -0.049263187,
          0.020130595,
          0.998583,
          0,
          -0.0638203,
          0.31413698,
          2.0766177,
          1
        ]
      },
      {
        "date" : 748979005.642709,
        "title" : "Untitled",
        "transform" : [
          0.9987854,
          -4.2452664e-09,
          0.0492732,
          0,
          0.0009919194,
          0.99979734,
          -0.020106131,
          0,
          -0.049263187,
          0.020130595,
          0.998583,
          0,
          -0.1395292,
          -0.1913321,
          2.0830727,
          1
        ]
      }
    ]
  },
  "sceneViewportBackgroundColors" : {

  },
  "selectedSceneRelativePath" : "Scene.usda"
}