{
  "advancedEditorSelectedIdentifier" : "ProjectBrowser",
  "openSceneRelativePaths" : [
    "Scene.usda"
  ],
  "recentIdentifiers" : {
    "F899CF2B-752D-4368-84A7-BC904E67D011" : [

    ]
  },
  "sceneCameraHistory" : {
    "F899CF2B-752D-4368-84A7-BC904E67D011" : [
      {
        "date" : 748979015.508723,
        "title" : "Untitled",
        "transform" : [
          0.99917,
          -3.6979506e-09,
          0.040734194,
          0,
          0.015719105,
          0.9225431,
          -0.38557377,
          0,
          -0.037579022,
          0.38589403,
          0.92177737,
          0,
          -0.115309656,
          0.6302953,
          1.6491098,
          1
        ]
      },
      {
        "date" : 748979012.808019,
        "title" : "Untitled",
        "transform" : [
          0.9991701,
          -3.697951e-09,
          0.040734198,
          0,
          0.015719105,
          0.9225431,
          -0.38557377,
          0,
          -0.037579026,
          0.3858941,
          0.9217775,
          0,
          0.007083565,
          1.1113591,
          1.4527066,
          1
        ]
      },
      {
        "date" : 748979010.108276,
        "title" : "Untitled",
        "transform" : [
          0.9987854,
          -4.2452664e-09,
          0.0492732,
          0,
          0.0009919194,
          0.99979734,
          -0.020106131,
          0,
          -0.049263187,
          0.020130595,
          0.998583,
          0,
          -0.0638203,
          0.31413698,
          2.0766177,
          1
        ]
      },
      {
        "date" : 748979005.642709,
        "title" : "Untitled",
        "transform" : [
          0.9987854,
          -4.2452664e-09,
          0.0492732,
          0,
          0.0009919194,
          0.99979734,
          -0.020106131,
          0,
          -0.049263187,
          0.020130595,
          0.998583,
          0,
          -0.1395292,
          -0.1913321,
          2.0830727,
          1
        ]
      },
      {
        "date" : 748979004.3256,
        "title" : "Untitled",
        "transform" : [
          0.9987854,
          -4.2452664e-09,
          0.0492732,
          0,
          0.0009919194,
          0.99979734,
          -0.020106131,
          0,
          -0.049263187,
          0.020130595,
          0.998583,
          0,
          -0.18824118,
          -0.0664022,
          2.078151,
          1
        ]
      },
      {
        "date" : 748978357.843474,
        "title" : "Untitled",
        "transform" : [
          0.9987854,
          -4.2452664e-09,
          0.0492732,
          0,
          0.0009919194,
          0.99979734,
          -0.020106131,
          0,
          -0.049263187,
          0.020130595,
          0.998583,
          0,
          -0.10669094,
          0.0911113,
          2.0789988,
          1
        ]
      },
      {
        "date" : 748978352.495214,
        "title" : "Untitled",
        "transform" : [
          0.9903305,
          -4.2781094e-09,
          0.13872789,
          0,
          0.033611905,
          0.97020465,
          -0.23994365,
          0,
          -0.13459441,
          0.24228646,
          0.9608233,
          0,
          -0.26704246,
          0.55049795,
          1.8305604,
          1
        ]
      },
      {
        "date" : 748978348.892639,
        "title" : "Untitled",
        "transform" : [
          0.99893534,
          -5.1040185e-09,
          0.046132293,
          0,
          0.034164693,
          0.67196745,
          -0.73979217,
          0,
          -0.030999348,
          0.7405806,
          0.6712521,
          0,
          -0.058482826,
          1.5147729,
          1.183168,
          1
        ]
      },
      {
        "date" : 748978344.099594,
        "title" : "Untitled",
        "transform" : [
          0.9999327,
          -4.639694e-09,
          0.011603343,
          0,
          0.011432721,
          0.170861,
          -0.9852288,
          0,
          -0.0019825045,
          0.98529524,
          0.17084955,
          0,
          -0.002316892,
          1.962372,
          0.16084513,
          1
        ]
      },
      {
        "date" : 748978332.730958,
        "title" : "Untitled",
        "transform" : [
          0.99993247,
          -4.4592183e-09,
          0.0116033405,
          0,
          0.010559197,
          0.41457978,
          -0.9099517,
          0,
          -0.0048104567,
          0.9100129,
          0.41455188,
          0,
          -0.008016944,
          1.8578323,
          0.65205437,
          1
        ]
      }
    ]
  },
  "sceneViewportBackgroundColors" : {

  },
  "selectedSceneRelativePath" : "Scene.usda"
}