{
  "advancedEditorSelectedIdentifier" : "ProjectBrowser",
  "openSceneRelativePaths" : [
    "Scene.usda"
  ],
  "recentIdentifiers" : {
    "F899CF2B-752D-4368-84A7-BC904E67D011" : [

    ]
  },
  "sceneCameraHistory" : {
    "F899CF2B-752D-4368-84A7-BC904E67D011" : [
      {
        "date" : 749151271.005138,
        "title" : "Untitled",
        "transform" : [
          0.99781907,
          1.058371e-08,
          0.06600834,
          0,
          0.007524423,
          0.9934817,
          -0.11374356,
          0,
          -0.065578036,
          0.11399249,
          0.99131477,
          0,
          -0.34545568,
          -0.75242144,
          8.245075,
          1
        ]
      },
      {
        "date" : 749151262.231227,
        "title" : "Untitled",
        "transform" : [
          0.9979894,
          9.1382475e-09,
          0.063378684,
          0,
          0.029097695,
          0.88838017,
          -0.4581856,
          0,
          -0.056304324,
          0.4591089,
          0.8865939,
          0,
          -0.26496053,
          2.6965132,
          7.386451,
          1
        ]
      },
      {
        "date" : 749151236.080013,
        "title" : "Untitled",
        "transform" : [
          0.9998095,
          1.0511929e-08,
          -0.019507874,
          0,
          -0.019460162,
          0.069897085,
          -0.9973643,
          0,
          0.0013635638,
          0.9975542,
          0.06988342,
          0,
          0.34940463,
          8.9943905,
          0.57264173,
          1
        ]
      },
      {
        "date" : 749151227.330477,
        "title" : "Untitled",
        "transform" : [
          0.9992293,
          1.1262086e-08,
          0.039251704,
          0,
          0.010008144,
          0.966948,
          -0.2547772,
          0,
          -0.03795432,
          0.25497404,
          0.96620274,
          0,
          -0.10136223,
          0.45173025,
          10.727296,
          1
        ]
      },
      {
        "date" : 749151223.713535,
        "title" : "Untitled",
        "transform" : [
          0.9957128,
          1.1162767e-08,
          0.09249708,
          0,
          0.04974189,
          0.84309334,
          -0.5354617,
          0,
          -0.07798363,
          0.53776747,
          0.8394788,
          0,
          -0.54953873,
          3.6575425,
          9.205852,
          1
        ]
      },
      {
        "date" : 749151168.959937,
        "title" : "Untitled",
        "transform" : [
          0.99764615,
          1.7730367e-08,
          -0.06857126,
          0,
          -0.06852948,
          0.034899876,
          -0.9970384,
          0,
          0.0023931356,
          0.99939084,
          0.03481741,
          0,
          0.39599037,
          9.154549,
          0.59011364,
          1
        ]
      },
      {
        "date" : 749151126.901934,
        "title" : "Untitled",
        "transform" : [
          0.99764615,
          1.7730367e-08,
          -0.06857126,
          0,
          -0.06852948,
          0.034899876,
          -0.9970384,
          0,
          0.0023931356,
          0.99939084,
          0.03481741,
          0,
          -0.29122066,
          9.1064625,
          2.0175867,
          1
        ]
      },
      {
        "date" : 749151119.086005,
        "title" : "Untitled",
        "transform" : [
          0.9993252,
          1.0339546e-08,
          0.036729082,
          0,
          0.013389145,
          0.9311884,
          -0.36429211,
          0,
          -0.03420166,
          0.36453843,
          0.93056005,
          0,
          -0.8879074,
          -0.05311346,
          10.632676,
          1
        ]
      },
      {
        "date" : 749151110.98319,
        "title" : "Untitled",
        "transform" : [
          0.99978566,
          1.09706395e-08,
          0.020703413,
          0,
          0.013146765,
          0.77250826,
          -0.63486874,
          0,
          -0.01599352,
          0.6350051,
          0.7723424,
          0,
          -0.22180802,
          0.6606693,
          10.672604,
          1
        ]
      },
      {
        "date" : 749151096.869957,
        "title" : "Untitled",
        "transform" : [
          0.99154633,
          1.1222873e-08,
          -0.12975289,
          0,
          -0.12849027,
          0.13916633,
          -0.98189765,
          0,
          0.018057214,
          0.99026895,
          0.1379895,
          0,
          0.13623227,
          5.4536877,
          0.26349849,
          1
        ]
      }
    ]
  },
  "sceneViewportBackgroundColors" : {

  },
  "selectedSceneRelativePath" : "Scene.usda"
}