{
  "advancedEditorSelectedIdentifier" : "ProjectBrowser",
  "openSceneRelativePaths" : [
    "Scene.usda"
  ],
  "recentIdentifiers" : {
    "7CECB41A-C6A2-4C72-91D3-86B4AED8EEEC" : [

    ],
    "164A899F-0820-44CE-B68E-8A01E0BD6826" : [

    ],
    "A5E5E5AA-308C-4DEA-9C99-1BC958FA2CDA" : [

    ]
  },
  "sceneCameraHistory" : {
    "7CECB41A-C6A2-4C72-91D3-86B4AED8EEEC" : [
      {
        "date" : 748486630.804298,
        "title" : "Untitled",
        "transform" : [
          0.9996502,
          7.520491e-09,
          0.026449366,
          0,
          0.02615408,
          0.14899538,
          -0.98849195,
          0,
          -0.0039407737,
          0.9888379,
          0.14894338,
          0,
          -2.2751875,
          15.579126,
          0.2150724,
          1
        ]
      },
      {
        "date" : 748486615.96145,
        "title" : "Untitled",
        "transform" : [
          0.9607385,
          7.4236173e-09,
          0.2774561,
          0,
          0.26952422,
          0.23739809,
          -0.93327314,
          0,
          -0.06586751,
          0.9714124,
          0.22807756,
          0,
          -3.6593757,
          15.233718,
          2.7943096,
          1
        ]
      },
      {
        "date" : 748486596.913346,
        "title" : "Untitled",
        "transform" : [
          0.9690971,
          -1.3285257e-09,
          0.24668005,
          0,
          0.030036433,
          0.9925593,
          -0.11800012,
          0,
          -0.2448445,
          0.12176285,
          0.96188617,
          0,
          -8.439521,
          -4.5767665,
          22.13916,
          1
        ]
      },
      {
        "date" : 748486589.078918,
        "title" : "Untitled",
        "transform" : [
          0.98891795,
          1.7645192e-09,
          0.14846349,
          0,
          0.088484794,
          0.8029814,
          -0.5893993,
          0,
          -0.11921336,
          0.5960041,
          0.79408264,
          0,
          -5.0789633,
          6.8697658,
          16.462372,
          1
        ]
      },
      {
        "date" : 748486534.916875,
        "title" : "Untitled",
        "transform" : [
          0.9964324,
          4.298623e-09,
          0.084395185,
          0,
          0.084343694,
          0.034899406,
          -0.99582547,
          0,
          -0.0029452965,
          0.99939084,
          0.034775015,
          0,
          -2.4922104,
          21.21835,
          2.6598027,
          1
        ]
      },
      {
        "date" : 748485924.248723,
        "title" : "Untitled",
        "transform" : [
          0.9964324,
          4.298623e-09,
          0.084395185,
          0,
          0.084343694,
          0.034899466,
          -0.99582547,
          0,
          -0.0029453016,
          0.99939084,
          0.034775075,
          0,
          -2.4922104,
          21.21835,
          2.6598039,
          1
        ]
      },
      {
        "date" : 748485910.568943,
        "title" : "Untitled",
        "transform" : [
          0.99514425,
          7.976624e-10,
          0.098427415,
          0,
          0.024775678,
          0.96780115,
          -0.2504938,
          0,
          -0.09525812,
          0.251716,
          0.96310186,
          0,
          -4.122017,
          3.5875497,
          18.591711,
          1
        ]
      },
      {
        "date" : 748485906.697817,
        "title" : "Untitled",
        "transform" : [
          0.998719,
          1.6184285e-09,
          0.050602444,
          0,
          0.036534272,
          0.6919056,
          -0.7210631,
          0,
          -0.03501205,
          0.72198796,
          0.6910193,
          0,
          -2.6912937,
          13.681845,
          10.911191,
          1
        ]
      },
      {
        "date" : 748485885.04387,
        "title" : "Untitled",
        "transform" : [
          0.99999857,
          1.586847e-09,
          -0.0017694986,
          0,
          -0.0017542392,
          0.13140349,
          -0.9913274,
          0,
          0.00023258422,
          0.99132895,
          0.13140339,
          0,
          -1.9580054,
          19.205223,
          -0.9957299,
          1
        ]
      },
      {
        "date" : 748485855.468103,
        "title" : "Untitled",
        "transform" : [
          0.99997324,
          1.4607766e-09,
          -0.0073273205,
          0,
          -0.0050264103,
          0.72762924,
          -0.68595207,
          0,
          0.005331639,
          0.6859705,
          0.7276098,
          0,
          -1.8608203,
          13.591979,
          10.723064,
          1
        ]
      }
    ],
    "164A899F-0820-44CE-B68E-8A01E0BD6826" : [
      {
        "date" : 748477829.72142,
        "title" : "Untitled",
        "transform" : [
          0.9982716,
          4.510019e-10,
          -0.05876961,
          0,
          -0.031626284,
          0.8428554,
          -0.53721,
          0,
          0.04953428,
          0.5381401,
          0.8413986,
          0,
          0.030738445,
          0.71566087,
          1.1171956,
          1
        ]
      },
      {
        "date" : 748477825.479335,
        "title" : "Untitled",
        "transform" : [
          0.99990183,
          4.812173e-10,
          -0.01401224,
          0,
          -0.006938858,
          0.868779,
          -0.49515134,
          0,
          0.012173537,
          0.49519995,
          0.86869377,
          0,
          -0.018832592,
          0.65874743,
          1.1519282,
          1
        ]
      },
      {
        "date" : 748477785.862933,
        "title" : "Untitled",
        "transform" : [
          0.99714106,
          4.0860437e-10,
          -0.07556235,
          0,
          -0.0058587478,
          0.9969896,
          -0.07731364,
          0,
          0.07533488,
          0.07753525,
          0.9941393,
          0,
          0.065059505,
          0.10491427,
          1.3213636,
          1
        ]
      },
      {
        "date" : 748477777.70796,
        "title" : "Untitled",
        "transform" : [
          0.9992014,
          2.2487257e-10,
          -0.03995633,
          0,
          -0.011522614,
          0.95751595,
          -0.28814992,
          0,
          0.03825883,
          0.28838018,
          0.9567514,
          0,
          0.063584134,
          1.5486677,
          5.1148863,
          1
        ]
      },
      {
        "date" : 748476226.211591,
        "title" : "Untitled",
        "transform" : [
          0.9998767,
          6.6553707e-13,
          0.015703002,
          0,
          0.010512807,
          0.74283236,
          -0.669395,
          0,
          -0.011664698,
          0.6694776,
          0.7427408,
          0,
          -0.09829505,
          1.7344501,
          1.9171946,
          1
        ]
      },
      {
        "date" : 748476168.798719,
        "title" : "Untitled",
        "transform" : [
          1,
          0,
          0,
          0,
          0,
          0.7071069,
          -0.70710677,
          0,
          0,
          0.70710677,
          0.7071069,
          0,
          -0.06817722,
          1.8316271,
          1.825954,
          1
        ]
      }
    ],
    "4279B7E2-5D1D-4096-848D-7BDE204A0BCD" : [
      {
        "date" : 748482658.929626,
        "title" : "Untitled",
        "transform" : [
          0.9981951,
          4.2513624e-05,
          0.060053576,
          0,
          0.054263424,
          0.42777342,
          -0.90225565,
          0,
          -0.025727686,
          0.90388596,
          0.42699918,
          0,
          -1.0705351,
          17.324852,
          6.322479,
          1
        ]
      },
      {
        "date" : 748482654.686269,
        "title" : "Untitled",
        "transform" : [
          0.9968941,
          4.2512285e-05,
          0.07875285,
          0,
          0.056413304,
          0.6973725,
          -0.7144851,
          0,
          -0.05495045,
          0.7167088,
          0.69520426,
          0,
          -1.5936997,
          14.003199,
          11.14783,
          1
        ]
      },
      {
        "date" : 748482639.372167,
        "title" : "Untitled",
        "transform" : [
          0.98841584,
          4.250696e-05,
          0.15176973,
          0,
          0.15167579,
          0.034899466,
          -0.9878139,
          0,
          -0.00533868,
          0.9993907,
          0.034488782,
          0,
          -0.6129875,
          18.719673,
          -1.1932964,
          1
        ]
      },
      {
        "date" : 748482584.839933,
        "title" : "Untitled",
        "transform" : [
          0.9999804,
          4.250928e-05,
          0.0062542334,
          0,
          0.005919579,
          0.3163512,
          -0.9486236,
          0,
          -0.002018862,
          0.9486421,
          0.3163448,
          0,
          -0.4590466,
          17.64652,
          3.7132766,
          1
        ]
      },
      {
        "date" : 748482578.780357,
        "title" : "Untitled",
        "transform" : [
          0.9999463,
          4.2509935e-05,
          0.010356962,
          0,
          0.0024042118,
          0.9717231,
          -0.2361111,
          0,
          -0.010074137,
          0.23612332,
          0.97167075,
          0,
          -0.6172416,
          3.1692405,
          16.369257,
          1
        ]
      },
      {
        "date" : 748482571.657431,
        "title" : "Untitled",
        "transform" : [
          0.99969476,
          4.2510695e-05,
          -0.02470483,
          0,
          -0.023419265,
          0.3200151,
          -0.94712293,
          0,
          0.007865656,
          0.94741243,
          0.31991842,
          0,
          -0.22725825,
          18.096525,
          4.5721593,
          1
        ]
      },
      {
        "date" : 748482562.079061,
        "title" : "Untitled",
        "transform" : [
          0.9998731,
          0.0017520345,
          0.015836501,
          0,
          0.015714377,
          0.05569479,
          -0.99832416,
          0,
          -0.0026311087,
          0.9984462,
          0.055660184,
          0,
          -0.34217262,
          18.685751,
          -0.43722144,
          1
        ]
      },
      {
        "date" : 748482557.571707,
        "title" : "Untitled",
        "transform" : [
          0.98861176,
          0.0028137132,
          0.1504622,
          0,
          0.15007484,
          0.055648502,
          -0.9871073,
          0,
          -0.011150433,
          0.99844646,
          0.054592494,
          0,
          -0.27906412,
          18.68584,
          -0.47031966,
          1
        ]
      },
      {
        "date" : 748482553.120054,
        "title" : "Untitled",
        "transform" : [
          0.99837154,
          0.008744575,
          0.056371275,
          0,
          0.052994154,
          0.22358127,
          -0.97324353,
          0,
          -0.021114163,
          0.9746461,
          0.22275378,
          0,
          -0.5515373,
          18.474323,
          2.6974356,
          1
        ]
      },
      {
        "date" : 748482543.764335,
        "title" : "Untitled",
        "transform" : [
          0.99215245,
          -5.7207856e-08,
          0.12503383,
          0,
          0.124957696,
          0.034899812,
          -0.9915481,
          0,
          -0.0043636984,
          0.99939084,
          0.034625683,
          0,
          -0.5515373,
          18.474323,
          2.6974356,
          1
        ]
      }
    ],
    "A5E5E5AA-308C-4DEA-9C99-1BC958FA2CDA" : [
      {
        "date" : 748479345.337088,
        "title" : "Untitled",
        "transform" : [
          0.9998919,
          -2.7842053e-09,
          -0.014719932,
          0,
          -0.014711026,
          0.034899674,
          -0.9992827,
          0,
          0.00051376206,
          0.9993909,
          0.0348958,
          0,
          -0.0045299763,
          2.3517618,
          0.1879728,
          1
        ]
      },
      {
        "date" : 748479339.233234,
        "title" : "Untitled",
        "transform" : [
          0.99999577,
          -2.970794e-09,
          -0.002936166,
          0,
          -0.00013017652,
          0.99901766,
          -0.04431511,
          0,
          0.0029333194,
          0.044315387,
          0.99901325,
          0,
          -0.00066193944,
          0.090939015,
          2.2595801,
          1
        ]
      },
      {
        "date" : 748479317.882956,
        "title" : "Untitled",
        "transform" : [
          0.99956214,
          -2.9866183e-09,
          -0.029580861,
          0,
          -0.028759878,
          0.23396997,
          -0.9718184,
          0,
          0.0069210725,
          0.9722438,
          0.23386748,
          0,
          0.0086248405,
          2.1964393,
          0.53810114,
          1
        ]
      },
      {
        "date" : 748479310.375148,
        "title" : "Untitled",
        "transform" : [
          0.9999988,
          -6.6438774e-09,
          -0.0016122385,
          0,
          -0.00018781358,
          0.9931957,
          -0.11645752,
          0,
          0.0016013047,
          0.116457775,
          0.9931944,
          0,
          -0.003576856,
          0.22280234,
          2.2935698,
          1
        ]
      },
      {
        "date" : 748479304.654639,
        "title" : "Untitled",
        "transform" : [
          0.99748933,
          -6.6405326e-09,
          0.070816904,
          0,
          0.0707737,
          0.034899667,
          -0.99688166,
          0,
          -0.0024714367,
          0.99939096,
          0.034811947,
          0,
          -0.016066555,
          2.3008199,
          0.121809006,
          1
        ]
      },
      {
        "date" : 748479300.5847,
        "title" : "Untitled",
        "transform" : [
          0.99853283,
          -6.7025674e-09,
          0.05414986,
          0,
          0.053669866,
          0.13284357,
          -0.9896828,
          0,
          -0.007193412,
          0.9911371,
          0.13264856,
          0,
          -0.026229324,
          2.2776654,
          0.34701407,
          1
        ]
      },
      {
        "date" : 748479284.121761,
        "title" : "Untitled",
        "transform" : [
          0.99999464,
          -7.0528476e-09,
          0.0032771297,
          0,
          0.00048463227,
          0.9890023,
          -0.14789914,
          0,
          -0.0032410556,
          0.14790004,
          0.9889969,
          0,
          -0.014887042,
          0.29891327,
          2.2845778,
          1
        ]
      },
      {
        "date" : 748479266.257847,
        "title" : "Untitled",
        "transform" : [
          0.9999567,
          -7.0957618e-09,
          0.009306784,
          0,
          0.009236862,
          0.12229601,
          -0.99245065,
          0,
          -0.0011381423,
          0.9924936,
          0.12229058,
          0,
          -0.010337754,
          2.3772693,
          0.25122005,
          1
        ]
      },
      {
        "date" : 748479182.621603,
        "title" : "Untitled",
        "transform" : [
          0.99728775,
          -7.1721975e-09,
          0.07360167,
          0,
          0.060779817,
          0.5639706,
          -0.82355505,
          0,
          -0.04150913,
          0.8257949,
          0.5624409,
          0,
          -0.10468016,
          1.9970789,
          1.3097119,
          1
        ]
      },
      {
        "date" : 748479160.47083,
        "title" : "Untitled",
        "transform" : [
          0.999183,
          -8.359337e-09,
          0.040414825,
          0,
          0.023112195,
          0.8203402,
          -0.5714085,
          0,
          -0.03315386,
          0.5718758,
          0.81966996,
          0,
          -0.08628101,
          1.400763,
          1.935212,
          1
        ]
      }
    ]
  },
  "sceneViewportBackgroundColors" : {

  },
  "selectedSceneRelativePath" : "Scene.usda"
}